0.0000000000000000E+000 0.0000000000000000E+000 2.4875000000000000E+001 1.0000000000000000E+000
0.0000000000000000E+000 0.0000000000000000E+000 2.5000000000000000E+001 1.0000000000000000E+000
0.0000000000000000E+000 0.0000000000000000E+000 2.5125000000000000E+001 1.0000000000000000E+000
0.0000000000000000E+000 6.2500000000000000E+000 2.4875000000000000E+001 1.0000000000000000E+000
0.0000000000000000E+000 6.2500000000000000E+000 2.5000000000000000E+001 1.0000000000000000E+000
0.0000000000000000E+000 6.2500000000000000E+000 2.5125000000000000E+001 1.0000000000000000E+000
0.0000000000000000E+000 1.8750000000000000E+001 2.4875000000000000E+001 1.0000000000000000E+000
0.0000000000000000E+000 1.8750000000000000E+001 2.5000000000000000E+001 1.0000000000000000E+000
0.0000000000000000E+000 1.8750000000000000E+001 2.5125000000000000E+001 1.0000000000000000E+000
0.0000000000000000E+000 2.5000000000000000E+001 2.4875000000000000E+001 1.0000000000000000E+000
0.0000000000000000E+000 2.5000000000000000E+001 2.5000000000000000E+001 1.0000000000000000E+000
0.0000000000000000E+000 2.5000000000000000E+001 2.5125000000000000E+001 1.0000000000000000E+000
4.3861336451230644E+000 0.0000000000000000E+000 2.4875000000000004E+001 9.6984631039295399E-001
4.4081745177116227E+000 0.0000000000000000E+000 2.5000000000000007E+001 9.6984631039295399E-001
4.4302153903001811E+000 0.0000000000000000E+000 2.5125000000000007E+001 9.6984631039295399E-001
4.3861336451230644E+000 6.2500000000000018E+000 2.4875000000000004E+001 9.6984631039295399E-001
4.4081745177116227E+000 6.2500000000000018E+000 2.5000000000000007E+001 9.6984631039295399E-001
4.4302153903001811E+000 6.2500000000000018E+000 2.5125000000000007E+001 9.6984631039295399E-001
4.3861336451230644E+000 1.8750000000000004E+001 2.4875000000000004E+001 9.6984631039295399E-001
4.4081745177116227E+000 1.8750000000000004E+001 2.5000000000000007E+001 9.6984631039295399E-001
4.4302153903001811E+000 1.8750000000000004E+001 2.5125000000000007E+001 9.6984631039295399E-001
4.3861336451230644E+000 2.5000000000000007E+001 2.4875000000000004E+001 9.6984631039295399E-001
4.4081745177116227E+000 2.5000000000000007E+001 2.5000000000000007E+001 9.6984631039295399E-001
4.4302153903001811E+000 2.5000000000000007E+001 2.5125000000000007E+001 9.6984631039295399E-001
1.2629368485328952E+001 0.0000000000000000E+000 2.1874707884098953E+001 9.6984631039295399E-001
1.2692832648571811E+001 0.0000000000000000E+000 2.1984631039295426E+001 9.6984631039295399E-001
1.2756296811814670E+001 0.0000000000000000E+000 2.2094554194491906E+001 9.6984631039295399E-001
1.2629368485328952E+001 6.2500000000000018E+000 2.1874707884098953E+001 9.6984631039295399E-001
1.2692832648571811E+001 6.2500000000000018E+000 2.1984631039295426E+001 9.6984631039295399E-001
1.2756296811814670E+001 6.2500000000000018E+000 2.2094554194491906E+001 9.6984631039295399E-001
1.2629368485328952E+001 1.8750000000000004E+001 2.1874707884098953E+001 9.6984631039295399E-001
1.2692832648571811E+001 1.8750000000000004E+001 2.1984631039295426E+001 9.6984631039295399E-001
1.2756296811814670E+001 1.8750000000000004E+001 2.2094554194491906E+001 9.6984631039295399E-001
1.2629368485328952E+001 2.5000000000000007E+001 2.1874707884098953E+001 9.6984631039295399E-001
1.2692832648571811E+001 2.5000000000000007E+001 2.1984631039295426E+001 9.6984631039295399E-001
1.2756296811814670E+001 2.5000000000000007E+001 2.2094554194491906E+001 9.6984631039295399E-001
1.5989341790952663E+001 0.0000000000000000E+000 1.9055355522584584E+001 1.0000000000000000E+000
1.6069690242163482E+001 0.0000000000000000E+000 1.9151111077974456E+001 1.0000000000000000E+000
1.6150038693374299E+001 0.0000000000000000E+000 1.9246866633364331E+001 1.0000000000000000E+000
1.5989341790952663E+001 6.2500000000000000E+000 1.9055355522584584E+001 1.0000000000000000E+000
1.6069690242163482E+001 6.2500000000000000E+000 1.9151111077974456E+001 1.0000000000000000E+000
1.6150038693374299E+001 6.2500000000000000E+000 1.9246866633364331E+001 1.0000000000000000E+000
1.5989341790952663E+001 1.8750000000000000E+001 1.9055355522584584E+001 1.0000000000000000E+000
1.6069690242163482E+001 1.8750000000000000E+001 1.9151111077974456E+001 1.0000000000000000E+000
1.6150038693374299E+001 1.8750000000000000E+001 1.9246866633364331E+001 1.0000000000000000E+000
1.5989341790952663E+001 2.5000000000000000E+001 1.9055355522584584E+001 1.0000000000000000E+000
1.6069690242163482E+001 2.5000000000000000E+001 1.9151111077974456E+001 1.0000000000000000E+000
1.6150038693374299E+001 2.5000000000000000E+001 1.9246866633364331E+001 1.0000000000000000E+000